1	24
2	3
3	3
4	6
5	62
8	1
9	9
11	1
13	26
17	84
19	1
20	7
22	17
23	2
25	27
26	44
27	5
29	4
30	23
32	4
33	18
34	38
35	57
36	8
37	10
39	15
40	28
41	7
42	20
43	1
44	4
45	7
46	15
48	10
49	34
50	16
51	46
52	7
55	24
56	8
57	1
58	26
59	20
60	18
61	19
62	2
63	3
64	8
67	10
70	2
71	50
72	37
75	16
76	4
77	36
78	1
79	4
80	3
81	1
82	1
83	24
85	3
86	18
87	5
91	112
92	28
93	11
95	8
96	9
99	5
100	21
101	10
102	2
103	4
104	1
105	5
106	24
108	4
109	6
111	10
112	3
115	19
116	102
117	10
118	1
119	1
120	7
121	11
122	87
123	9
124	4
131	2
133	4
134	2
135	1
136	23
137	42
140	2
142	3
143	8
144	1
145	10
147	9
149	18
150	13
151	1
152	3
153	4
154	7
155	2
156	6
157	20
159	2
160	4
161	3
162	10
163	4
164	6
166	1
170	10
172	5
173	6
175	15
177	2
178	3
179	4
183	2
184	10
186	3
188	27
189	3
190	1
191	2
192	24
193	14
194	51
195	5
197	3
198	24
199	16
200	38
202	17
203	5
204	20
205	11
206	28
207	9
209	7
211	1
212	4
214	17
216	9
219	7
224	15
225	23
227	30
229	6
230	23
231	9
232	7
233	21
234	85
235	7
236	2
237	2
238	25
242	7
243	5
244	2
245	5
246	4
247	4
253	1
254	2
255	2
257	26
258	2
259	11
260	2
263	3
264	8
265	4
266	17
267	83
268	27
269	29
270	2
271	13
274	11
275	24
276	1
277	15
278	2
279	10
280	1
281	1
283	4
285	13
287	13
288	3
289	2
291	5
292	9
295	1
296	8
298	5
299	11
302	7
303	4
304	24
305	11
306	7
307	20
308	17
311	4
312	15
313	6
314	5
315	1
317	10
318	4
322	12
323	1
324	2
326	8
327	18
328	6
331	1
332	14
333	1
337	4
338	11
340	3
341	14
342	38
346	1
349	2
350	19
354	1
357	38
358	20
360	5
361	11
362	2
363	5
364	22
366	2
369	18
370	7
371	5
372	83
373	17
375	2
376	3
377	22
379	4
380	58
381	19
383	117
384	8
389	2
390	5
391	3
392	21
394	14
395	1
396	11
398	4
399	2
400	3
402	11
404	25
406	2
409	2
410	2
414	60
415	5
417	5
419	68
422	9
423	25
428	3
429	23
430	26
431	17
432	28
434	10
435	2
437	12
438	1
439	6
441	1
443	3
444	3
445	5
446	9
447	5
448	5
449	2
453	4
454	2
455	1
456	2
457	14
459	9
462	3
463	3
464	2
468	1
470	3
473	1
475	11
476	2
479	7
480	1
481	4
482	7
483	13
484	3
486	32
487	1
488	7
489	22
491	2
492	1
493	94
497	2
501	9
503	2
506	1
507	10
509	7
512	6
514	3
517	6
518	7
519	10
521	21
522	14
525	7
527	17
528	5
529	2
533	18
534	9
535	1
536	12
537	4
538	3
541	16
543	8
544	2
547	21
549	1
550	3
551	5
552	1
556	13
557	2
560	8
563	3
565	4
567	15
568	3
571	42
572	25
573	16
574	7
575	1
576	5
578	5
580	35
581	5
582	6
586	1
588	10
590	9
592	1
598	8
602	1
605	2
608	13
609	2
611	30
612	1
613	4
614	8
615	41
617	5
618	5
619	13
621	2
622	1
624	1
626	2
627	3
630	3
631	9
632	2
633	1
634	2
635	1
636	21
637	4
645	8
646	2
648	4
649	2
652	1
653	11
655	2
657	9
658	6
659	1
660	2
661	1
666	6
667	3
668	2
669	1
670	1
672	6
673	16
676	10
680	12
681	1
682	2
685	9
686	1
687	1
689	2
691	1
692	1
693	1
697	5
698	5
699	21
700	6
702	4
703	3
706	3
708	15
711	1
713	4
714	23
716	14
718	17
719	3
721	13
722	15
725	3
726	14
727	9
728	2
729	10
730	10
731	3
732	2
733	22
735	1
736	3
737	9
738	2
740	28
741	4
742	3
743	1
744	3
745	15
748	26
750	1
751	3
752	1
754	1
755	16
756	6
757	1
758	15
763	10
765	7
767	6
769	2
770	26
773	2
775	3
779	2
781	7
782	8
784	10
785	8
788	4
791	24
792	4
794	6
795	9
796	8
797	13
799	3
803	7
804	2
805	14
809	3
810	25
811	6
813	10
814	11
816	3
821	2
822	1
825	9
829	1
831	4
832	50
834	11
835	1
837	7
838	7
840	4
841	4
842	10
844	1
849	2
852	4
853	2
854	1
856	2
859	2
861	4
863	9
868	3
872	83
873	1
876	1
877	2
878	10
881	1
883	2
885	3
886	5
887	11
888	2
889	13
890	1
891	15
893	35
895	2
897	4
898	1
900	19
905	107
906	1
907	1
908	4
909	6
910	1
912	6
914	15
916	3
917	3
919	2
920	4
922	7
923	2
924	1
925	8
927	4
930	1
931	5
936	16
940	6
942	9
943	6
945	3
951	1
952	9
953	1
954	15
958	7
959	3
960	38
961	9
964	2
966	5
968	20
969	1
971	1
972	7
973	1
974	6
977	1
978	1
979	1
982	12
984	1
985	4
986	3
987	36
988	4
990	3
991	1
993	16
994	1
995	4
997	1
998	4
999	17
1000	13
1005	2
1006	3
1007	6
1008	5
1009	1
1011	2
1013	13
1014	1
1016	6
1019	1
1024	2
1025	7
1026	13
1027	1
1028	5
1030	23
1031	1
1034	1
1035	12
1036	1
1037	10
1039	2
1042	27
1043	39
1046	1
1048	6
1050	4
1053	11
1054	3
1057	4
1059	1
1060	11
1061	11
1063	17
1065	13
1069	15
1071	1
1073	3
1075	24
1076	1
1077	2
1078	13
1082	1
1083	3
1084	17
1087	7
1088	3
1094	7
1095	1
1097	5
1100	6
1103	1
1104	14
1105	3
1107	7
1108	4
1109	28
1110	1
1111	5
1114	2
1115	3
1116	7
1117	47
1120	8
1122	14
1123	1
1124	10
1126	2
1130	1
1131	3
1133	2
1135	5
1137	2
1142	4
1143	10
1146	6
1147	6
1148	1
1149	2
1153	1
1154	18
1157	2
1163	3
1165	1
1167	1
1168	6
1169	9
1172	1
1174	4
1175	14
1178	1
1179	4
1182	2
1185	27
1188	1
1190	30
1192	7
1193	7
1194	9
1195	3
1196	2
1199	8
1200	7
1204	2
1206	1
1208	7
1212	4
1213	3
1215	1
1217	1
1219	44
1220	29
1223	5
1224	1
1226	3
1227	7
1228	33
1231	1
1233	14
1236	5
1238	7
1242	8
1244	2
1245	2
1247	11
1248	1
1249	10
1253	1
1254	18
1256	6
1261	1
1263	1
1264	1
1265	12
1266	9
1269	2
1271	2
1276	4
1278	1
1284	2
1288	3
1290	3
1291	6
1293	14
1295	1
1297	14
1302	1
1304	3
1306	2
1309	2
1310	15
1311	19
1314	2
1316	2
1317	2
1318	8
1319	1
1321	1
1322	4
1323	6
1327	7
1328	1
1331	1
1334	3
1335	1
1336	4
1337	4
1338	4
1339	5
1340	1
1341	9
1343	10
1344	24
1346	2
1347	10
1349	1
1351	5
1353	4
1354	1
1356	1
1357	1
1358	7
1360	1
1363	2
1365	4
1366	12
1367	12
1368	8
1369	1
1370	25
1372	1
1373	5
1375	3
1376	1
1377	3
1380	1
1381	2
1382	2
1384	3
1389	3
1390	1
1392	1
1393	2
1396	3
1398	5
1403	2
1404	1
1407	4
1409	9
1412	8
1414	19
1416	2
1418	2
1419	1
1421	5
1424	1
1425	3
1428	3
1429	1
1430	5
1431	6
1432	14
1433	4
1436	15
1438	12
1441	8
1448	10
1449	3
1450	16
1453	5
1455	4
1456	1
1461	4
1462	2
1463	18
1464	3
1466	1
1467	5
1469	2
1470	3
1471	7
1472	7
1476	2
1477	4
1478	8
1480	3
1482	1
1483	5
1484	2
1486	3
1489	1
1490	15
1491	13
1492	2
1493	1
1494	1
1497	2
1500	1
1508	6
1511	2
1512	1
1513	1
1517	2
1518	1
1521	4
1527	2
1529	2
1531	1
1532	5
1533	7
1534	6
1536	6
1537	1
1538	5
1540	2
1541	1
1542	7
1545	12
1546	3
1549	4
1553	2
1554	15
1556	7
1557	5
1559	9
1560	2
1569	4
1572	2
1573	3
1574	2
1577	3
1578	3
1580	8
1581	2
1582	1
1585	5
1588	2
1592	2
1595	5
1596	3
1597	1
1599	7
1600	23
1602	1
1606	1
1611	7
1612	8
1614	2
1615	3
1616	4
1618	3
1621	2
1622	1
1624	2
1627	9
1629	6
1630	44
1632	11
1633	12
1635	7
1638	4
1644	6
1645	1
1646	2
1647	1
1648	3
1649	2
1650	3
1651	3
1653	1
1654	5
1658	2
1659	68
1665	3
1666	13
1667	2
1670	1
1675	2
1676	1
1677	4
1679	1
1680	1
1682	1
1683	8
1690	1
1693	12
1694	8
1695	6
1697	6
1702	3
1703	5
1709	15
1710	10
1712	2
1713	3
1719	1
1720	2
1724	1
1725	1
1726	4
1727	2
1729	1
1730	8
1731	1
1732	1
1733	1
1734	1
1737	2
1738	1
1739	9
1741	1
1743	3
1744	2
1747	2
1749	6
1750	7
1752	5
1753	1
1758	1
1762	4
1763	2
1764	1
1765	2
1767	2
1769	7
1771	3
1776	8
1781	5
1782	10
1786	11
1789	1
1790	3
1791	1
1793	2
1794	1
1795	13
1796	1
1797	18
1799	15
1801	5
1804	2
1807	2
1808	1
1809	2
1810	6
1812	2
1813	7
1814	2
1816	10
1817	1
1818	6
1820	12
1821	4
1827	1
1830	6
1831	1
1835	1
1836	2
1838	1
1841	2
1848	7
1849	2
1851	6
1852	2
1853	9
1854	3
1855	3
1858	3
1862	18
1865	4
1866	1
1867	1
1868	1
1870	14
1873	2
1874	3
1875	8
1877	1
1879	1
1880	1
1881	4
1882	2
1886	10
1888	5
1890	1
1891	1
1892	6
1894	6
1895	2
1896	1
1897	6
1898	5
1900	1
1904	9
1907	2
1908	33
1911	3
1912	9
1914	3
1915	2
1917	1
1920	2
1921	8
1925	3
1926	2
1929	2
1935	1
1936	1
1940	7
1942	3
1944	1
1945	1
1946	5
1948	2
1950	2
1951	21
1953	4
1954	5
1956	3
1958	5
1959	1
1960	5
1962	1
1964	1
1965	18
1968	4
1969	3
1970	3
1975	7
1976	3
1977	1
1982	5
1985	1
1989	1
1992	6
1993	7
1994	1
1996	12
1999	1
2001	1
2006	1
2007	3
2009	3
2010	1
2011	3
2013	1
2015	2
2016	4
2017	2
2018	15
2019	6
2021	1
2024	2
2025	10
2029	3
2030	1
2031	11
2041	2
2047	2
2051	1
2056	2
2057	1
2058	2
2059	1
2073	1
2074	1
2077	2
2078	6
2079	1
2080	1
2083	1
2084	14
2086	4
2087	1
2089	2
2092	2
2093	2
2094	2
2095	3
2098	4
2102	2
2104	5
2105	1
2106	1
2109	3
2114	5
2116	1
2118	3
2119	1
2120	5
2122	1
2123	2
2128	1
2130	1
2131	8
2132	1
2134	3
2137	1
2141	1
2143	5
2144	1
2147	2
2148	8
2150	1
2156	2
2165	1
2168	3
2169	1
2171	2
2172	1
2173	2
2179	2
2183	2
2185	1
2188	2
2191	1
2194	1
2199	10
2206	2
2208	2
2209	1
2210	1
2213	3
2222	2
2228	2
2237	1
2238	2
2245	1
2246	1
2249	2
2257	4
2258	1
2260	5
2266	1
2272	1
2275	3
2281	1
2283	2
2284	1
2285	3
2286	4
2293	1
2295	1
2308	1
2310	2
2312	1
2313	1
2314	1
2328	1
2329	2
2330	1
2334	2
3180	4
3378	1
3582	2
4367	1
11944	3
12081	6
14446	5
20207	1
27687	4
31505	15
37740	1
48281	2
108465	4
146270	12
146637	4
158302	1
242853	5
309844	14
382494	1
400427	1
428190	14
436255	1
446497	18
452120	1
1130097	12
1164871	2
1165587	4
1165750	1
1199387	9
1228206	3
1256645	1
1384652	36
1388162	1
1473493	2
1491425	2
1525924	2
1688440	3
1975282	59
2076253	1
2083160	2
2089740	17
2090742	4
2099426	1
2347826	1
2521991	2
2759376	2
